1,1491001,1500000
1,1708001,1713000
1,1719001,1736000
1,1738001,1746000
1,2309001,2314000
1,2380001,2385000
1,2562001,2568000
1,2571001,2577000
1,2674001,2679000
1,2851001,2856000
1,5279001,5284000
1,5602001,5607000
1,5943001,5949000
1,6296001,6301000
1,6310001,6316000
1,6992001,6997000
1,9211001,9217000
1,9348001,9363000
1,9819001,9824000
1,15114001,15119000
1,15153001,15160000
1,15676001,15682000
1,18492001,18500000
1,18506001,18511000
1,19234001,19240000
1,20168001,20179000
1,20221001,20228000
1,20366001,20374000
1,20491001,20499000
1,20517001,20526000
1,20593001,20599000
1,20763001,20769000
1,21436001,21442000
1,21884001,21889000
1,21894001,21899000
1,21938001,21945000
1,21977001,21986000
1,23392001,23399000
1,24201001,24207000
1,24214001,24219000
1,24288001,24293000
1,24319001,24324000
1,24714001,24721000
1,24728001,24733000
1,24792001,24797000
1,24855001,24860000
1,25897001,25902000
1,25947001,25952000
1,26172001,26180000
1,26191001,26196000
1,26223001,26228000
1,26357001,26363000
1,26483001,26488000
1,26589001,26594000
1,26982001,26987000
1,27000001,27006000
1,27012001,27017000
1,27186001,27193000
1,28236001,28241000
1,28922001,28927000
1,29423001,29428000
1,30202001,30207000
1,32591001,32601000
1,32675001,32684000
1,33224001,33231000
1,33319001,33325000
1,33774001,33779000
1,33855001,33864000
1,34477001,34482000
1,34825001,34833000
1,34868001,34873000
1,34876001,34882000
1,35178001,35183000
1,35187001,35195000
1,35758001,35763000
1,35804001,35810000
1,35875001,35880000
1,35892001,35899000
1,36380001,36386000
1,36866001,36881000
1,36948001,36953000
1,37133001,37139000
1,37190001,37195000
1,37266001,37271000
1,37325001,37332000
1,38360001,38365000
1,39633001,39638000
1,40091001,40096000
1,40767001,40773000
1,41311001,41316000
1,41915001,41927000
1,42881001,42889000
1,43448001,43454000
1,43683001,43692000
1,43850001,43855000
1,43892001,43897000
1,43913001,43919000
1,43975001,43981000
1,44010001,44015000
1,44179001,44184000
1,44264001,44269000
1,45049001,45055000
1,45063001,45068000
1,45515001,45520000
1,45780001,45788000
1,45968001,45976000
1,47048001,47053000
1,47408001,47415000
1,48609001,48614000
1,48971001,48976000
1,49718001,49724000
1,50040001,50051000
1,50093001,50098000
1,50220001,50228000
1,50245001,50251000
1,50261001,50268000
1,52030001,52035000
1,52136001,52142000
1,52160001,52167000
1,52189001,52195000
1,52205001,52210000
1,52214001,52221000
1,52497001,52503000
1,52738001,52743000
1,55677001,55682000
1,55747001,55753000
1,56089001,56095000
1,56128001,56134000
1,56263001,56270000
1,56406001,56412000
1,56456001,56461000
1,56547001,56554000
1,57113001,57118000
1,57167001,57176000
1,57235001,57240000
1,57707001,57714000
1,57777001,57786000
1,58108001,58114000
1,58164001,58169000
1,58250001,58256000
1,58435001,58440000
1,58449001,58454000
1,58712001,58726000
1,58728001,58737000
1,58761001,58766000
1,58809001,58818000
1,58851001,58867000
1,58976001,58981000
1,59079001,59086000
1,59140001,59145000
1,59162001,59167000
1,59173001,59179000
1,59507001,59512000
1,59568001,59576000
1,60236001,60250000
1,60261001,60271000
1,60277001,60282000
1,60441001,60446000
1,60533001,60538000
1,61772001,61779000
1,61895001,61902000
1,62310001,62315000
1,62334001,62339000
1,62440001,62445000
1,62636001,62642000
1,63966001,63974000
1,63978001,63985000
1,64623001,64631000
1,65501001,65506000
1,65571001,65576000
1,65918001,65928000
1,66546001,66551000
1,66611001,66617000
1,66947001,66952000
1,66976001,66982000
1,67166001,67171000
1,67183001,67188000
1,67404001,67410000
1,67599001,67604000
1,67723001,67728000
1,67796001,67810000
1,68494001,68500000
1,68537001,68542000
1,68803001,68808000
1,68815001,68824000
1,68856001,68862000
1,68930001,68937000
1,69031001,69036000
1,69158001,69164000
1,69202001,69207000
1,69420001,69430000
1,70151001,70156000
1,70342001,70357000
1,70363001,70369000
1,70396001,70401000
1,70568001,70578000
1,70893001,70899000
1,71083001,71088000
1,71222001,71227000
1,71283001,71289000
1,71414001,71419000
1,71519001,71524000
1,71627001,71632000
1,71705001,71711000
1,71856001,71862000
1,71891001,71896000
1,72026001,72032000
1,72052001,72064000
1,72599001,72606000
1,72859001,72870000
1,72913001,72920000
1,73088001,73093000
1,73259001,73265000
1,73511001,73516000
1,73575001,73583000
1,73869001,73874000
1,74744001,74752000
1,74934001,74939000
1,75032001,75038000
1,75089001,75094000
1,75665001,75672000
1,75692001,75697000
1,76090001,76095000
1,76127001,76132000
1,76134001,76139000
1,76557001,76562000
1,76596001,76602000
1,77244001,77250000
1,78161001,78169000
1,78174001,78180000
1,79017001,79023000
1,79307001,79312000
1,79314001,79324000
1,79771001,79776000
1,80066001,80071000
1,80191001,80199000
1,80365001,80370000
1,80592001,80597000
1,80856001,80873000
1,81010001,81021000
1,81125001,81137000
1,81425001,81433000
1,82348001,82356000
1,82536001,82542000
1,82551001,82556000
1,82574001,82580000
1,82587001,82597000
1,82695001,82704000
1,82728001,82735000
1,82869001,82874000
1,83031001,83044000
1,83167001,83172000
1,83194001,83199000
1,83546001,83555000
1,83666001,83671000
1,83779001,83784000
1,83796001,83802000
1,83828001,83838000
1,84284001,84291000
1,84533001,84539000
1,85009001,85032000
1,85034001,85052000
1,85096001,85101000
1,85127001,85136000
1,85302001,85309000
1,85611001,85616000
1,85799001,85804000
1,85827001,85832000
1,86111001,86116000
1,86746001,86751000
1,86889001,86895000
1,86897001,86904000
1,87227001,87233000
1,87564001,87571000
1,87575001,87583000
1,89649001,89654000
1,89671001,89682000
1,89990001,89996000
1,91402001,91407000
1,92799001,92806000
1,92820001,92826000
1,93087001,93092000
1,93132001,93143000
1,93380001,93387000
1,93458001,93463000
1,94491001,94496000
1,94638001,94643000
1,94666001,94671000
1,94673001,94678000
1,94715001,94722000
1,94804001,94809000
1,94823001,94828000
1,94913001,94927000
1,95848001,95854000
1,95882001,95891000
1,96495001,96500000
1,96703001,96709000
1,96727001,96745000
1,97047001,97053000
1,97150001,97155000
1,97157001,97162000
1,97224001,97229000
1,97377001,97383000
1,97394001,97399000
1,97438001,97450000
1,97467001,97472000
1,97474001,97481000
1,97708001,97733000
1,97740001,97748000
1,97760001,97765000
1,97820001,97827000
1,98091001,98097000
1,98226001,98231000
1,98654001,98659000
1,98787001,98792000
1,99162001,99172000
1,99205001,99214000
1,100692001,100698000
1,101588001,101593000
1,101604001,101621000
1,101764001,101769000
1,102065001,102070000
1,106392001,106398000
1,106474001,106482000
1,106500001,106509000
1,106853001,106858000
1,108297001,108302000
1,108547001,108552000
1,108634001,108643000
1,108840001,108846000
1,108848001,108860000
1,108869001,108874000
1,109225001,109230000
1,109255001,109260000
1,109679001,109685000
1,109878001,109891000
1,109907001,109913000
1,110375001,110382000
1,110384001,110390000
1,110546001,110551000
1,110616001,110623000
1,110843001,110848000
1,113808001,113813000
1,113984001,113998000
1,114341001,114348000
1,114737001,114744000
1,114746001,114752000
1,114808001,114813000
1,114872001,114880000
1,114894001,114902000
1,114958001,114963000
1,116064001,116073000
1,116076001,116082000
1,116137001,116143000
1,116328001,116333000
1,116399001,116404000
1,116590001,116595000
1,117026001,117032000
1,117099001,117107000
1,117119001,117127000
1,117133001,117139000
1,117141001,117148000
1,117653001,117658000
1,118540001,118546000
1,119767001,119774000
1,120112001,120120000
1,120247001,120252000
1,120317001,120331000
1,120333001,120373000
1,120375001,120382000
1,120411001,120417000
1,120426001,120431000
1,120450001,120457000
1,120520001,120526000
1,120880001,120886000
1,121239001,121244000
1,123875001,123880000
1,124291001,124296000
1,124307001,124314000
1,125293001,125304000
1,125388001,125394000
1,125466001,125471000
1,126452001,126458000
1,126479001,126486000
1,126816001,126823000
1,126959001,126964000
1,127013001,127019000
1,127438001,127449000
1,129159001,129164000
1,131083001,131088000
1,131640001,131645000
1,132168001,132173000
1,132539001,132548000
1,133910001,133918000
1,134115001,134120000
1,134162001,134175000
1,134388001,134393000
1,134847001,134852000
1,134898001,134905000
1,134948001,134957000
1,135294001,135299000
1,138396001,138401000
1,138613001,138624000
1,140361001,140368000
1,140856001,140861000
1,141378001,141386000
1,141389001,141395000
1,141507001,141512000
1,141603001,141611000
1,141899001,141904000
1,142330001,142335000
1,142495001,142503000
1,142560001,142572000
1,142628001,142638000
1,142822001,142827000
1,142886001,142897000
1,143111001,143117000
1,143122001,143131000
1,143179001,143187000
1,143350001,143366000
1,143389001,143394000
1,143398001,143405000
1,143431001,143436000
1,143470001,143475000
1,143477001,143483000
1,143485001,143491000
1,143503001,143508000
1,143510001,143519000
1,143527001,143533000
1,143587001,143592000
1,143597001,143603000
1,143622001,143629000
1,143666001,143675000
1,143681001,143691000
1,143705001,143722000
1,143774001,143779000
1,143800001,143805000
1,143828001,143836000
1,144076001,144081000
1,144105001,144114000
1,144207001,144213000
1,144228001,144234000
1,144345001,144350000
1,144355001,144364000
1,144407001,144415000
1,144443001,144448000
1,144496001,144501000
1,144562001,144567000
1,144594001,144604000
1,144606001,144613000
1,144632001,144642000
1,144666001,144683000
1,144685001,144691000
1,144705001,144720000
1,144920001,144925000
1,145003001,145014000
1,145076001,145082000
1,145086001,145094000
1,145236001,145245000
1,145260001,145266000
1,145301001,145306000
1,145319001,145325000
1,145327001,145334000
1,145460001,145469000
1,145569001,145574000
1,145593001,145601000
1,145797001,145803000
1,145968001,145973000
1,146174001,146183000
1,146186001,146194000
1,146338001,146343000
1,146424001,146430000
1,146433001,146438000
1,148314001,148322000
1,148330001,148336000
1,148375001,148381000
1,148529001,148534000
1,149022001,149028000
1,149489001,149495000
1,149946001,149953000
1,150333001,150344000
1,150532001,150537000
1,150916001,150923000
1,153514001,153519000
1,153653001,153658000
1,153691001,153699000
1,153717001,153723000
1,153728001,153733000
1,153737001,153743000
1,153796001,153801000
1,153834001,153840000
1,153854001,153859000
1,153951001,153956000
1,154310001,154317000
1,154789001,154794000
1,154802001,154809000
1,154814001,154825000
1,154827001,154832000
1,154849001,154861000
1,154868001,154881000
1,155422001,155427000
1,156584001,156589000
1,156635001,156640000
1,156675001,156680000
1,156724001,156729000
2,497001,502000
2,505001,511000
2,679001,687000
2,814001,820000
2,1098001,1103000
2,1253001,1259000
2,1323001,1329000
2,1637001,1646000
2,3945001,3957000
2,3966001,3973000
2,4052001,4057000
2,4153001,4158000
2,4206001,4211000
2,4354001,4361000
2,4368001,4378000
2,4480001,4489000
2,4520001,4535000
2,4992001,4999000
2,5212001,5220000
2,5226001,5234000
2,5387001,5394000
2,5576001,5581000
2,6034001,6043000
2,6164001,6169000
2,6353001,6359000
2,6527001,6534000
2,7051001,7057000
2,7087001,7093000
2,7152001,7165000
2,7173001,7179000
2,7927001,7934000
2,8638001,8644000
2,8752001,8760000
2,9507001,9513000
2,9533001,9538000
2,11442001,11449000
2,11787001,11793000
2,11819001,11824000
2,12500001,12505000
2,12707001,12713000
2,13501001,13506000
2,13598001,13603000
2,13926001,13931000
2,14012001,14017000
2,14530001,14539000
2,14550001,14558000
2,14783001,14788000
2,14790001,14797000
2,15493001,15498000
2,15502001,15508000
2,16708001,16713000
2,16799001,16804000
2,17638001,17643000
2,19448001,19454000
2,19478001,19483000
2,19488001,19497000
2,19565001,19570000
2,19684001,19689000
2,19906001,19915000
2,19976001,19983000
2,20074001,20082000
2,20088001,20095000
2,20262001,20267000
2,20441001,20446000
2,20555001,20563000
2,20568001,20576000
2,20578001,20602000
2,20606001,20619000
2,20621001,20627000
2,20641001,20673000
2,20710001,20716000
2,20820001,20830000
2,20860001,20867000
2,21327001,21334000
2,21613001,21621000
2,21891001,21898000
2,22266001,22286000
2,22469001,22474000
2,22511001,22519000
2,22674001,22682000
2,23135001,23142000
2,23250001,23255000
2,23273001,23278000
2,23493001,23499000
2,23524001,23529000
2,23575001,23581000
2,23635001,23640000
2,23849001,23854000
2,23914001,23919000
2,23951001,23958000
2,24290001,24311000
2,24313001,24319000
2,24330001,24335000
2,24611001,24625000
2,24832001,24837000
2,24938001,24943000
2,25211001,25216000
2,25256001,25261000
2,25352001,25357000
2,25466001,25477000
2,25554001,25564000
2,25748001,25755000
2,26475001,26482000
2,26753001,26758000
2,26786001,26792000
2,26825001,26833000
2,27187001,27198000
2,27711001,27717000
2,27962001,27969000
2,28145001,28151000
2,28261001,28266000
2,28688001,28693000
2,29783001,29788000
2,29948001,29954000
2,30164001,30170000
2,30376001,30381000
2,30405001,30410000
2,30466001,30478000
2,30499001,30505000
2,30560001,30565000
2,30568001,30575000
2,30765001,30770000
2,30790001,30796000
2,30826001,30832000
2,31662001,31667000
2,32416001,32421000
2,32487001,32501000
2,32504001,32521000
2,32614001,32626000
2,32751001,32759000
2,32881001,32890000
2,32909001,32914000
2,32993001,32998000
2,33390001,33400000
2,33893001,33899000
2,33904001,33909000
2,33931001,33936000
2,34120001,34126000
2,34135001,34141000
2,34331001,34337000
2,34339001,34349000
2,34441001,34446000
2,34475001,34480000
2,34822001,34844000
2,34863001,34870000
2,34878001,34886000
2,34994001,35000000
2,35006001,35014000
2,35720001,35730000
2,35788001,35793000
2,36441001,36451000
2,36576001,36589000
2,37075001,37081000
2,37248001,37254000
2,37508001,37518000
2,37523001,37529000
2,37764001,37772000
2,38418001,38426000
2,38642001,38647000
2,38695001,38702000
2,38802001,38807000
2,39293001,39299000
2,39379001,39384000
2,39751001,39772000
2,39888001,39893000
2,39928001,39938000
2,40406001,40411000
2,40493001,40498000
2,41228001,41243000
2,42079001,42085000
2,43314001,43319000
2,43351001,43361000
2,43394001,43402000
2,43414001,43426000
2,43437001,43447000
2,43513001,43519000
2,43630001,43636000
2,43744001,43752000
2,44086001,44093000
2,44229001,44234000
2,44319001,44330000
2,44521001,44533000
2,44551001,44558000
2,45589001,45594000
2,45596001,45602000
2,46544001,46549000
2,46768001,46774000
2,47129001,47135000
2,47137001,47142000
2,47176001,47181000
2,47290001,47296000
2,47313001,47319000
2,47604001,47618000
2,48050001,48055000
2,48316001,48321000
2,48479001,48484000
2,49102001,49107000
2,49198001,49203000
2,49638001,49643000
2,49686001,49691000
2,49893001,49898000
2,49908001,49913000
2,50091001,50096000
2,50256001,50262000
2,50534001,50539000
2,50597001,50602000
2,50727001,50733000
2,50748001,50753000
2,50786001,50793000
2,51117001,51122000
2,51373001,51378000
2,51458001,51463000
2,51665001,51670000
2,51720001,51726000
2,51860001,51867000
2,51907001,51912000
2,51922001,51928000
2,51988001,51996000
2,52012001,52017000
2,52053001,52082000
2,52088001,52095000
2,52098001,52122000
2,52124001,52130000
2,52133001,52154000
2,52176001,52188000
2,52190001,52197000
2,52360001,52365000
2,52446001,52452000
2,52610001,52615000
2,52670001,52684000
2,52688001,52693000
2,52743001,52748000
2,52773001,52779000
2,52838001,52843000
2,52919001,52927000
2,52930001,52938000
2,53015001,53021000
2,53043001,53048000
2,53187001,53193000
2,53279001,53285000
2,53289001,53294000
2,53324001,53329000
2,53379001,53384000
2,53389001,53400000
2,53480001,53485000
2,53509001,53517000
2,54496001,54505000
2,54573001,54578000
2,56352001,56359000
2,56568001,56573000
2,56654001,56659000
2,58236001,58242000
2,58446001,58451000
2,59449001,59454000
2,59908001,59913000
2,60469001,60474000
2,61063001,61069000
2,61152001,61157000
2,61268001,61275000
2,61584001,61592000
2,61603001,61608000
2,61621001,61628000
2,61655001,61660000
2,61707001,61713000
2,62048001,62055000
2,62239001,62244000
2,62246001,62261000
2,62268001,62273000
2,62433001,62442000
2,62701001,62709000
2,63040001,63045000
2,63591001,63596000
2,64092001,64098000
2,64648001,64653000
2,64665001,64671000
2,64812001,64818000
2,66052001,66058000
2,69440001,69448000
2,69495001,69500000
2,69628001,69633000
2,69705001,69711000
2,70103001,70108000
2,70494001,70500000
2,70517001,70539000
2,70541001,70549000
2,70842001,70847000
2,71607001,71613000
2,71657001,71664000
2,71840001,71846000
2,71860001,71867000
2,72032001,72039000
2,72412001,72422000
2,72459001,72464000
2,72506001,72511000
2,72549001,72556000
2,72671001,72676000
2,72993001,72998000
2,73007001,73012000
2,73016001,73022000
2,73027001,73043000
2,73058001,73064000
2,73067001,73073000
2,75806001,75818000
2,76297001,76303000
2,79080001,79085000
2,79367001,79379000
2,79388001,79393000
2,79395001,79407000
2,79489001,79496000
2,79835001,79841000
2,80172001,80177000
2,80552001,80557000
2,80612001,80617000
2,80633001,80638000
2,80715001,80721000
2,80751001,80756000
2,80769001,80778000
2,83177001,83183000
2,83369001,83374000
2,84230001,84235000
2,84263001,84268000
2,84482001,84489000
2,85550001,85557000
2,85948001,85954000
2,86066001,86071000
2,86104001,86109000
2,86128001,86134000
2,86266001,86271000
2,86479001,86484000
2,86777001,86784000
2,86805001,86813000
2,86826001,86836000
2,86841001,86846000
2,87143001,87149000
2,87256001,87261000
2,87292001,87300000
2,87797001,87802000
2,87924001,87931000
2,87935001,87966000
2,88072001,88078000
2,88308001,88315000
2,88346001,88351000
2,90307001,90312000
2,90483001,90490000
2,91033001,91039000
2,91044001,91049000
2,91195001,91200000
2,91381001,91388000
2,91555001,91567000
2,92240001,92247000
2,92458001,92464000
2,93085001,93090000
2,93403001,93408000
2,93421001,93427000
2,93723001,93728000
2,95234001,95239000
2,95269001,95276000
2,95367001,95374000
2,95803001,95809000
2,95895001,95902000
2,95927001,95933000
2,95940001,95949000
2,96000001,96007000
2,96499001,96507000
2,96530001,96535000
2,96867001,96874000
2,97229001,97235000
2,97720001,97727000
2,97759001,97768000
2,98029001,98034000
2,99124001,99131000
2,99136001,99142000
2,99421001,99426000
2,99919001,99924000
2,100403001,100408000
2,100412001,100421000
2,100908001,100916000
2,100927001,100932000
2,100973001,100981000
2,101083001,101094000
2,102315001,102322000
2,103267001,103284000
2,103326001,103335000
2,103629001,103634000
2,104271001,104276000
2,104352001,104358000
2,104370001,104375000
2,104579001,104585000
2,105802001,105808000
2,105830001,105835000
2,105839001,105845000
2,106170001,106175000
2,106194001,106201000
2,106347001,106354000
2,106520001,106525000
2,106553001,106558000
2,106719001,106726000
2,106795001,106805000
2,106841001,106848000
2,106902001,106907000
2,107023001,107029000
2,107059001,107064000
2,107066001,107073000
2,107079001,107091000
2,107097001,107104000
2,107257001,107262000
2,107428001,107436000
2,107448001,107454000
2,107456001,107461000
2,108727001,108732000
2,108775001,108784000
2,108924001,108931000
2,109476001,109482000
2,109559001,109567000
2,110259001,110264000
2,110337001,110342000
2,110347001,110371000
2,110380001,110385000
2,110990001,110996000
2,111098001,111106000
2,111664001,111673000
2,111921001,111926000
2,112482001,112487000
2,113420001,113429000
2,113687001,113694000
2,113740001,113746000
2,114810001,114817000
2,114833001,114841000
2,114859001,114864000
2,114869001,114881000
2,114994001,114999000
2,115373001,115378000
2,115579001,115586000
2,115601001,115606000
2,115707001,115712000
2,115988001,115993000
2,117695001,117702000
2,117719001,117724000
2,117768001,117774000
2,118548001,118554000
2,118752001,118757000
2,118766001,118771000
2,118784001,118792000
2,119265001,119273000
2,119296001,119301000
2,119382001,119387000
2,119463001,119472000
2,119838001,119844000
2,119862001,119867000
2,119999001,120006000
2,120046001,120051000
2,120059001,120064000
2,120084001,120095000
2,120688001,120697000
2,120759001,120765000
2,121076001,121082000
2,121097001,121107000
2,121189001,121204000
2,121429001,121437000
2,121590001,121595000
2,121613001,121619000
2,121660001,121665000
2,121778001,121783000
2,121787001,121792000
2,122165001,122170000
2,124023001,124030000
2,124063001,124070000
2,125510001,125524000
2,125986001,125992000
2,126036001,126042000
2,126047001,126055000
2,126058001,126064000
2,126105001,126114000
2,126116001,126121000
2,126235001,126240000
2,126298001,126307000
2,126342001,126347000
2,126354001,126360000
2,126474001,126481000
2,126571001,126581000
2,126601001,126607000
2,126687001,126692000
2,127078001,127084000
2,127193001,127198000
2,127905001,127912000
2,127915001,127921000
2,128571001,128576000
2,128755001,128762000
2,128781001,128786000
2,128834001,128839000
2,129116001,129121000
2,129123001,129128000
2,129139001,129146000
2,129169001,129176000
2,129399001,129405000
2,129446001,129452000
2,129933001,129939000
2,130691001,130698000
2,130714001,130719000
2,131713001,131718000
2,132464001,132476000
2,132740001,132747000
2,132914001,132920000
2,132942001,132947000
2,132984001,132990000
2,132997001,133012000
2,133090001,133096000
2,133156001,133162000
2,133184001,133192000
2,133215001,133220000
2,133247001,133256000
2,133421001,133427000
2,133613001,133618000
2,133859001,133865000
2,134889001,134895000
2,134911001,134917000
2,135420001,135427000
2,135539001,135554000
3,616001,621000
3,628001,633000
3,1272001,1282000
3,1486001,1491000
3,1613001,1620000
3,1978001,1983000
3,2057001,2063000
3,2712001,2719000
3,2807001,2812000
3,2990001,2996000
3,3630001,3640000
3,4159001,4166000
3,4196001,4206000
3,4225001,4234000
3,4345001,4350000
3,4378001,4383000
3,4449001,4458000
3,5791001,5796000
3,6192001,6199000
3,6273001,6281000
3,6674001,6679000
3,6889001,6897000
3,6954001,6960000
3,6975001,6980000
3,7085001,7093000
3,7109001,7118000
3,7594001,7599000
3,8288001,8296000
3,8339001,8346000
3,8361001,8376000
3,8408001,8414000
3,8452001,8459000
3,8473001,8481000
3,9273001,9278000
3,9298001,9304000
3,9345001,9360000
3,9369001,9376000
3,9410001,9416000
3,9441001,9446000
3,9462001,9473000
3,9490001,9498000
3,9612001,9617000
3,9643001,9648000
3,9763001,9769000
3,10273001,10278000
3,10532001,10537000
3,10559001,10569000
3,11414001,11419000
3,12111001,12118000
3,12129001,12136000
3,13731001,13736000
3,13759001,13764000
3,13922001,13927000
3,13969001,13975000
3,13987001,13995000
3,14082001,14095000
3,14120001,14129000
3,14162001,14172000
3,14174001,14179000
3,14181001,14186000
3,14268001,14275000
3,14328001,14345000
3,14351001,14365000
3,14396001,14416000
3,14550001,14559000
3,14651001,14659000
3,14694001,14704000
3,14790001,14797000
3,14802001,14807000
3,15016001,15021000
3,15154001,15159000
3,15169001,15175000
3,15308001,15314000
3,15355001,15361000
3,15370001,15380000
3,15385001,15390000
3,15417001,15431000
3,15444001,15452000
3,15465001,15479000
3,15515001,15524000
3,15532001,15538000
3,15567001,15572000
3,15578001,15585000
3,15587001,15596000
3,15619001,15638000
3,15875001,15880000
3,15894001,15900000
3,15976001,15983000
3,15995001,16002000
3,16007001,16012000
3,16029001,16035000
3,16102001,16108000
3,16119001,16125000
3,16216001,16221000
3,16228001,16236000
3,16251001,16265000
3,16280001,16286000
3,16297001,16302000
3,16475001,16483000
3,16491001,16497000
3,16618001,16623000
3,16625001,16631000
3,16633001,16639000
3,16739001,16750000
3,16765001,16771000
3,16837001,16843000
3,17083001,17089000
3,18821001,18827000
3,19037001,19043000
3,19069001,19075000
3,19126001,19133000
3,19422001,19429000
3,19523001,19528000
3,19553001,19558000
3,19567001,19579000
3,19665001,19671000
3,19695001,19701000
3,19731001,19747000
3,19777001,19798000
3,19853001,19864000
3,20160001,20169000
3,20191001,20200000
3,20203001,20208000
3,20210001,20216000
3,20247001,20255000
3,20266001,20278000
3,20431001,20440000
3,20442001,20447000
3,20606001,20611000
3,21233001,21238000
3,21250001,21257000
3,21357001,21362000
3,21867001,21876000
3,21959001,21964000
3,22411001,22416000
3,22463001,22469000
3,22986001,22993000
3,23004001,23010000
3,23022001,23030000
3,23032001,23037000
3,23062001,23067000
3,23356001,23361000
3,23517001,23522000
3,23848001,23853000
3,24268001,24298000
3,25223001,25228000
3,25747001,25755000
3,27055001,27061000
3,27065001,27072000
3,27080001,27090000
3,27638001,27646000
3,27826001,27831000
3,28112001,28118000
3,28798001,28805000
3,29122001,29128000
3,29374001,29379000
3,29539001,29546000
3,29550001,29556000
3,29590001,29595000
3,29761001,29766000
3,30364001,30369000
3,30735001,30750000
3,30836001,30842000
3,31709001,31714000
3,31727001,31732000
3,32016001,32022000
3,32433001,32438000
3,32556001,32562000
3,32880001,32885000
3,32925001,32930000
3,32964001,32972000
3,33201001,33206000
3,33219001,33231000
3,33330001,33338000
3,33350001,33357000
3,33362001,33367000
3,33495001,33523000
3,33541001,33546000
3,33639001,33646000
3,33952001,33958000
3,33985001,33991000
3,34032001,34040000
3,34082001,34099000
3,34166001,34178000
3,34232001,34240000
3,34260001,34282000
3,34285001,34293000
3,34301001,34306000
3,34465001,34470000
3,34833001,34843000
3,35876001,35881000
3,36101001,36108000
3,36167001,36172000
3,36192001,36197000
3,36386001,36396000
3,39355001,39360000
3,40456001,40467000
3,40535001,40540000
3,40546001,40552000
3,40622001,40627000
3,42205001,42214000
3,42582001,42589000
3,42915001,42921000
3,42944001,42952000
3,43130001,43135000
3,43356001,43361000
3,44111001,44116000
3,45408001,45413000
3,45418001,45438000
3,45440001,45446000
3,45594001,45602000
3,46154001,46160000
3,46203001,46209000
3,46271001,46281000
3,46618001,46623000
3,46635001,46640000
3,46867001,46872000
3,47249001,47254000
3,47531001,47536000
3,47678001,47683000
3,48151001,48156000
3,48336001,48341000
3,49136001,49143000
3,49408001,49415000
3,49589001,49595000
3,49608001,49614000
3,49742001,49747000
3,49770001,49778000
3,49955001,49961000
3,50053001,50059000
3,50445001,50450000
3,50464001,50471000
3,50489001,50494000
3,51101001,51110000
3,51381001,51388000
3,51395001,51400000
3,51688001,51693000
3,51841001,51846000
3,51854001,51859000
3,51863001,51869000
3,52485001,52492000
3,52501001,52509000
3,52563001,52568000
3,52574001,52589000
3,52673001,52682000
3,52888001,52893000
3,53065001,53070000
3,53383001,53388000
3,53402001,53407000
3,53711001,53717000
3,55180001,55185000
3,55570001,55575000
3,55591001,55598000
3,55757001,55762000
3,56250001,56255000
3,56360001,56365000
3,56563001,56569000
3,56631001,56636000
3,56781001,56786000
3,56823001,56846000
3,56899001,56904000
3,57008001,57013000
3,57024001,57032000
3,57744001,57749000
3,57815001,57820000
3,58618001,58624000
3,58699001,58704000
3,58821001,58828000
3,59093001,59098000
3,59946001,59951000
3,60388001,60393000
3,60496001,60501000
3,60582001,60587000
3,60664001,60669000
3,62568001,62585000
3,62587001,62596000
3,62607001,62618000
3,62620001,62639000
3,62679001,62684000
3,62686001,62695000
3,62747001,62777000
3,62982001,62991000
3,63086001,63091000
3,63137001,63143000
3,63273001,63285000
3,63374001,63384000
3,64142001,64149000
3,64567001,64572000
3,64715001,64721000
3,65259001,65264000
3,65664001,65669000
3,65999001,66004000
3,66334001,66341000
3,66880001,66892000
3,67170001,67178000
3,68241001,68246000
3,69700001,69705000
3,69794001,69815000
3,70074001,70079000
3,70094001,70099000
3,70293001,70298000
3,71060001,71065000
3,73071001,73077000
3,73817001,73822000
3,73981001,73986000
3,74293001,74300000
3,75085001,75098000
3,75148001,75154000
3,75165001,75171000
3,75250001,75256000
3,75262001,75268000
3,75774001,75784000
3,77206001,77214000
3,77239001,77247000
3,77785001,77790000
3,78052001,78059000
3,78471001,78477000
3,78529001,78536000
3,78697001,78702000
3,78766001,78771000
3,78938001,78943000
3,80707001,80715000
3,80928001,80933000
3,81035001,81041000
3,81117001,81122000
3,81667001,81672000
3,82078001,82083000
3,82265001,82270000
3,82377001,82382000
3,82741001,82746000
3,82765001,82771000
3,82836001,82841000
3,83240001,83248000
3,83979001,83984000
3,84325001,84337000
3,84340001,84347000
3,84386001,84392000
3,84517001,84522000
3,84524001,84533000
3,84547001,84552000
3,84555001,84562000
3,84573001,84582000
3,84619001,84624000
3,84632001,84637000
3,84713001,84721000
3,84939001,84947000
3,87400001,87405000
3,88812001,88818000
3,89607001,89612000
3,91332001,91338000
3,91395001,91401000
3,91426001,91431000
3,91973001,91981000
3,92021001,92027000
3,92044001,92051000
3,92086001,92091000
3,92097001,92103000
3,92112001,92118000
3,92126001,92133000
3,92135001,92141000
3,92610001,92618000
3,92868001,92875000
3,93672001,93677000
3,94132001,94137000
3,94140001,94145000
3,94384001,94391000
3,94663001,94668000
3,95141001,95148000
3,95462001,95478000
3,96001001,96006000
3,96203001,96210000
3,96222001,96227000
3,96285001,96299000
3,98531001,98536000
3,98684001,98689000
3,98702001,98709000
3,98960001,98966000
3,98968001,98974000
3,99030001,99037000
3,99140001,99148000
3,99153001,99158000
3,99469001,99476000
3,99660001,99665000
3,99709001,99715000
3,99719001,99724000
3,99760001,99765000
3,99776001,99788000
3,99910001,99915000
3,100031001,100041000
3,100102001,100108000
3,100595001,100615000
3,100855001,100865000
3,100869001,100876000
3,101150001,101159000
3,101161001,101167000
3,101306001,101313000
3,101325001,101335000
3,101501001,101513000
3,101761001,101777000
3,101927001,101932000
3,101953001,101958000
3,102183001,102194000
3,102214001,102219000
3,102462001,102469000
3,102499001,102505000
3,102538001,102544000
3,102550001,102562000
3,102585001,102592000
3,102607001,102612000
3,102706001,102711000
3,102718001,102731000
3,102773001,102778000
3,102821001,102826000
3,103459001,103464000
3,104365001,104372000
3,104744001,104750000
3,104783001,104789000
3,104799001,104804000
3,105322001,105335000
3,105587001,105592000
3,105619001,105626000
3,105925001,105932000
3,106166001,106173000
3,106316001,106322000
3,106732001,106738000
3,106757001,106763000
3,106833001,106838000
3,106840001,106845000
3,106893001,106899000
3,106990001,106997000
3,107040001,107045000
3,107124001,107130000
3,107238001,107243000
3,107987001,107992000
3,108052001,108058000
3,108460001,108466000
3,108519001,108524000
3,108533001,108538000
3,108962001,108970000
3,109048001,109053000
3,109211001,109218000
3,109653001,109660000
3,109680001,109701000
3,109847001,109853000
3,110003001,110008000
3,110010001,110016000
3,110040001,110045000
3,110337001,110343000
3,110416001,110422000
3,110429001,110441000
3,110691001,110701000
3,110898001,110903000
3,112149001,112154000
3,112447001,112457000
3,112640001,112649000
3,112651001,112657000
3,112711001,112716000
3,112739001,112746000
3,113110001,113116000
3,113139001,113145000
3,113220001,113225000
3,113238001,113243000
3,113279001,113289000
3,113300001,113305000
3,113552001,113557000
3,114206001,114213000
3,115254001,115260000
3,115420001,115427000
3,115463001,115469000
3,115700001,115705000
3,115730001,115755000
3,115897001,115903000
3,116125001,116132000
3,117266001,117272000
3,117282001,117287000
3,117289001,117295000
3,117319001,117328000
3,117461001,117472000
3,117491001,117496000
3,117499001,117506000
3,117544001,117550000
3,117586001,117592000
3,117594001,117599000
3,117613001,117620000
3,117675001,117683000
3,117747001,117768000
3,117802001,117809000
3,117838001,117845000
3,118103001,118108000
3,118337001,118351000
3,118358001,118365000
3,118515001,118523000
3,118560001,118565000
3,118608001,118618000
3,118714001,118719000
3,118921001,118926000
3,119019001,119026000
3,119456001,119462000
3,119517001,119528000
3,119583001,119589000
3,119614001,119620000
3,119762001,119770000
3,119772001,119785000
3,119798001,119804000
3,119837001,119849000
3,119965001,119979000
3,119991001,119998000
3,120018001,120025000
3,120080001,120085000
3,120101001,120115000
3,120123001,120128000
3,120145001,120151000
3,120154001,120162000
3,120173001,120179000
3,120181001,120187000
3,120198001,120206000
3,120213001,120227000
3,120231001,120239000
3,120299001,120310000
3,120377001,120390000
3,120401001,120418000
3,120443001,120449000
3,120476001,120485000
3,120492001,120497000
3,120502001,120514000
3,120516001,120522000
3,120560001,120572000
3,120578001,120583000
3,120648001,120654000
4,131001,137000
4,193001,198000
4,202001,211000
4,223001,228000
4,299001,304000
4,444001,454000
4,459001,464000
4,526001,532000
4,568001,575000
4,636001,644000
4,760001,765000
4,768001,773000
4,816001,825000
4,865001,872000
4,889001,895000
4,923001,930000
4,973001,979000
4,1065001,1075000
4,1116001,1122000
4,1126001,1133000
4,1138001,1148000
4,1160001,1167000
4,1178001,1183000
4,1193001,1198000
4,1228001,1249000
4,1311001,1317000
4,1358001,1364000
4,1369001,1374000
4,1502001,1512000
4,1514001,1520000
4,1535001,1540000
4,1700001,1707000
4,1729001,1734000
4,1957001,1962000
4,2007001,2014000
4,2280001,2287000
4,2343001,2350000
4,2393001,2401000
4,2425001,2436000
4,2443001,2448000
4,2462001,2468000
4,2506001,2514000
4,2620001,2640000
4,2666001,2672000
4,2674001,2683000
4,2720001,2733000
4,2944001,2950000
4,2969001,2976000
4,3018001,3023000
4,3082001,3088000
4,3095001,3102000
4,3768001,3774000
4,3944001,3949000
4,4729001,4734000
4,5044001,5049000
4,5063001,5068000
4,5146001,5151000
4,5205001,5217000
4,5244001,5258000
4,5281001,5299000
4,5807001,5812000
4,6049001,6056000
4,6145001,6157000
4,6164001,6176000
4,6213001,6223000
4,6225001,6241000
4,6264001,6269000
4,6271001,6277000
4,6328001,6338000
4,7123001,7130000
4,7160001,7166000
4,7198001,7205000
4,7207001,7240000
4,7242001,7249000
4,7531001,7536000
4,7657001,7667000
4,7812001,7819000
4,7863001,7869000
4,7880001,7887000
4,8125001,8131000
4,10072001,10078000
4,10447001,10453000
4,12194001,12200000
4,12792001,12798000
4,13007001,13013000
4,13016001,13021000
4,13062001,13067000
4,13548001,13553000
4,13556001,13561000
4,13624001,13629000
4,14871001,14879000
4,15960001,15965000
4,16381001,16386000
4,16739001,16751000
4,16763001,16768000
4,16891001,16896000
4,17001001,17007000
4,17294001,17299000
4,17504001,17509000
4,18221001,18226000
4,19099001,19106000
4,20464001,20469000
4,22039001,22044000
4,22308001,22313000
4,23139001,23147000
4,23180001,23185000
4,23300001,23305000
4,23319001,23324000
4,23593001,23598000
4,23611001,23616000
4,23780001,23786000
4,23829001,23834000
4,23995001,24002000
4,25076001,25085000
4,25095001,25100000
4,25127001,25137000
4,25423001,25429000
4,26957001,26968000
4,27154001,27161000
4,27211001,27217000
4,27361001,27366000
4,27456001,27462000
4,27505001,27521000
4,27527001,27545000
4,27602001,27607000
4,27617001,27623000
4,27630001,27637000
4,27639001,27644000
4,27707001,27712000
4,27895001,27902000
4,27924001,27930000
4,28106001,28114000
4,28205001,28210000
4,29365001,29371000
4,29882001,29888000
4,30456001,30461000
4,31650001,31656000
4,32181001,32186000
4,32404001,32412000
4,32809001,32814000
4,32848001,32857000
4,32973001,32979000
4,32993001,33008000
4,33209001,33214000
4,33257001,33263000
4,33873001,33882000
4,34229001,34236000
4,34239001,34245000
4,34472001,34478000
4,34708001,34717000
4,35035001,35040000
4,37279001,37284000
4,37353001,37362000
4,37876001,37881000
4,37992001,38002000
4,38114001,38119000
4,38145001,38150000
4,38329001,38335000
4,38379001,38389000
4,38765001,38771000
4,38799001,38805000
4,39487001,39494000
4,39773001,39778000
4,39816001,39823000
4,40202001,40207000
4,40454001,40459000
4,40461001,40476000
4,40691001,40702000
4,40762001,40767000
4,40907001,40918000
4,40982001,40989000
4,40999001,41010000
4,41520001,41525000
4,41622001,41627000
4,41740001,41748000
4,41891001,41898000
4,42728001,42733000
4,42767001,42777000
4,42895001,42900000
4,42943001,42949000
4,42955001,42963000
4,42970001,42975000
4,42995001,43002000
4,43022001,43029000
4,43103001,43108000
4,43117001,43124000
4,43134001,43139000
4,43183001,43193000
4,43207001,43212000
4,43343001,43349000
4,43530001,43538000
4,43560001,43569000
4,43601001,43608000
4,43617001,43623000
4,44605001,44612000
4,44740001,44745000
4,44776001,44781000
4,44802001,44809000
4,44822001,44827000
4,44849001,44855000
4,44923001,44928000
4,44956001,44962000
4,46303001,46308000
4,47397001,47403000
4,47419001,47435000
4,47733001,47742000
4,48425001,48432000
4,48557001,48564000
4,48685001,48691000
4,48991001,48996000
4,50405001,50424000
4,50433001,50441000
4,50563001,50583000
4,50756001,50869000
4,50903001,50921000
4,51137001,51142000
4,51198001,51205000
4,51386001,51394000
4,51410001,51417000
4,51537001,51542000
4,51961001,51969000
4,52237001,52242000
4,52393001,52400000
4,52419001,52426000
4,52504001,52512000
4,53531001,53536000
4,53753001,53758000
4,54025001,54030000
4,54051001,54056000
4,54171001,54176000
4,54241001,54247000
4,54269001,54282000
4,54425001,54430000
4,54590001,54596000
4,54621001,54629000
4,54825001,54830000
4,55749001,55755000
4,55813001,55818000
4,55913001,55918000
4,56173001,56178000
4,56322001,56327000
4,56791001,56798000
4,56822001,56830000
4,56860001,56865000
4,56968001,56973000
4,57420001,57425000
4,57860001,57866000
4,57896001,57917000
4,58666001,58673000
4,61440001,61447000
4,62100001,62105000
4,62188001,62193000
4,62435001,62447000
4,62475001,62482000
4,62539001,62544000
4,62601001,62608000
4,63103001,63109000
4,63159001,63165000
4,63572001,63577000
4,63653001,63659000
4,64369001,64380000
4,64590001,64595000
4,65101001,65111000
4,65255001,65268000
4,65524001,65529000
4,65598001,65609000
4,65618001,65623000
4,65673001,65678000
4,65680001,65685000
4,65726001,65731000
4,65835001,65844000
4,65866001,65890000
4,65915001,65928000
4,65935001,65940000
4,66079001,66084000
4,66173001,66179000
4,66245001,66255000
4,66257001,66262000
4,66730001,66736000
4,66744001,66752000
4,66755001,66760000
4,66810001,66815000
4,66858001,66863000
4,66920001,66925000
4,66974001,66980000
4,67146001,67153000
4,67155001,67160000
4,67293001,67298000
4,67485001,67491000
4,67780001,67787000
4,67970001,67976000
4,68000001,68006000
4,68009001,68014000
4,68062001,68071000
4,68161001,68166000
4,68205001,68211000
4,68498001,68508000
4,68590001,68596000
4,68598001,68603000
4,68893001,68898000
4,69127001,69135000
4,69667001,69672000
4,69960001,69965000
4,70451001,70456000
4,70634001,70639000
4,70696001,70704000
4,71180001,71194000
4,71999001,72004000
4,72962001,72967000
4,72987001,72994000
4,73103001,73108000
4,73259001,73265000
4,73355001,73360000
4,73388001,73397000
4,73401001,73413000
4,73471001,73477000
4,73494001,73504000
4,73516001,73524000
4,73682001,73687000
4,74523001,74530000
4,74585001,74590000
4,74810001,74816000
4,74833001,74839000
4,74884001,74889000
4,75307001,75312000
4,75773001,75778000
4,76111001,76116000
4,76187001,76192000
4,76235001,76240000
4,76283001,76288000
4,76327001,76333000
4,76546001,76556000
4,77127001,77132000
4,77249001,77254000
4,77292001,77299000
4,78259001,78264000
4,78752001,78758000
4,79096001,79102000
4,79153001,79159000
4,79304001,79309000
4,79583001,79589000
4,79679001,79685000
4,79743001,79748000
4,79753001,79760000
4,80032001,80037000
4,80715001,80720000
4,81055001,81061000
4,81078001,81087000
4,81098001,81103000
4,81114001,81120000
4,81136001,81141000
4,81201001,81207000
4,81317001,81322000
4,81363001,81368000
4,81569001,81582000
4,82244001,82250000
4,82272001,82277000
4,82508001,82513000
4,82630001,82637000
4,82753001,82759000
4,83074001,83079000
4,83091001,83098000
4,83225001,83230000
4,83336001,83352000
4,83634001,83641000
4,83660001,83667000
4,83755001,83760000
4,84102001,84107000
4,84437001,84444000
4,84601001,84606000
4,85965001,85972000
4,86008001,86013000
4,86458001,86466000
4,87574001,87584000
4,87587001,87594000
4,87607001,87627000
4,87889001,87896000
4,88053001,88058000
4,88725001,88734000
4,88760001,88766000
4,88793001,88802000
4,89004001,89020000
4,89165001,89170000
4,89889001,89894000
4,90192001,90212000
4,90587001,90595000
4,90672001,90678000
4,91269001,91277000
4,91811001,91818000
4,91845001,91853000
4,91879001,91907000
4,92204001,92209000
4,92384001,92390000
4,92449001,92456000
4,92491001,92496000
4,92606001,92612000
4,92747001,92752000
4,92767001,92772000
4,93846001,93851000
4,95184001,95190000
4,95247001,95252000
4,95566001,95571000
4,95621001,95636000
4,95999001,96005000
4,96065001,96070000
4,96934001,96939000
4,97093001,97099000
4,97105001,97110000
4,97310001,97316000
4,97503001,97519000
4,97598001,97603000
4,100111001,100116000
4,100174001,100179000
4,100199001,100210000
4,100514001,100519000
4,103223001,103242000
4,103455001,103460000
4,103599001,103606000
4,103703001,103708000
4,104742001,104749000
4,105350001,105390000
4,105479001,105484000
4,106217001,106222000
4,106229001,106234000
4,106329001,106336000
4,106339001,106349000
4,107222001,107238000
4,107565001,107572000
4,107686001,107703000
4,107951001,107956000
4,107958001,107964000
4,107968001,107989000
4,108101001,108107000
4,109143001,109148000
4,109546001,109560000
4,109638001,109643000
4,109705001,109712000
4,109803001,109813000
4,109865001,109870000
4,110311001,110316000
4,110362001,110369000
4,111062001,111071000
4,113993001,113998000
4,114133001,114140000
4,114202001,114212000
4,114226001,114233000
4,114447001,114452000
4,114872001,114878000
4,115062001,115069000
4,116527001,116532000
4,118507001,118512000
4,119156001,119165000
4,119172001,119183000
4,119428001,119433000
5,181001,193000
5,227001,233000
5,257001,266000
5,287001,293000
5,299001,314000
5,328001,339000
5,345001,350000
5,407001,426000
5,431001,446000
5,451001,472000
5,484001,495000
5,610001,616000
5,736001,746000
5,749001,759000
5,764001,771000
5,773001,780000
5,840001,850000
5,858001,876000
5,922001,928000
5,1228001,1235000
5,1254001,1260000
5,1698001,1714000
5,1749001,1754000
5,1810001,1815000
5,2245001,2253000
5,2855001,2861000
5,2902001,2913000
5,2982001,2988000
5,3072001,3077000
5,3169001,3183000
5,3195001,3212000
5,3398001,3407000
5,3410001,3418000
5,3441001,3447000
5,3559001,3567000
5,3663001,3670000
5,3677001,3684000
5,3689001,3701000
5,3703001,3709000
5,3711001,3717000
5,3789001,3799000
5,3802001,3808000
5,3840001,3845000
5,3852001,3857000
5,3864001,3872000
5,3885001,3890000
5,3901001,3909000
5,4427001,4433000
5,4456001,4471000
5,4626001,4632000
5,4638001,4647000
5,4743001,4748000
5,4937001,4942000
5,5547001,5556000
5,6041001,6049000
5,6056001,6068000
5,6078001,6083000
5,6095001,6100000
5,6165001,6171000
5,6353001,6358000
5,6360001,6367000
5,6372001,6377000
5,6913001,6920000
5,6925001,6930000
5,6932001,6938000
5,6959001,6965000
5,7156001,7162000
5,7169001,7176000
5,7183001,7188000
5,7375001,7380000
5,7446001,7452000
5,7514001,7527000
5,7665001,7670000
5,7673001,7678000
5,7681001,7687000
5,7728001,7734000
5,7749001,7754000
5,7779001,7785000
5,8212001,8218000
5,8313001,8318000
5,8325001,8332000
5,8396001,8412000
5,8416001,8423000
5,8437001,8445000
5,8457001,8465000
5,8975001,8980000
5,9108001,9122000
5,9147001,9154000
5,9308001,9315000
5,9590001,9600000
5,9706001,9712000
5,9892001,9902000
5,10080001,10088000
5,10217001,10222000
5,10291001,10298000
5,10307001,10312000
5,10427001,10436000
5,10438001,10445000
5,10599001,10604000
5,10759001,10767000
5,10801001,10807000
5,10826001,10839000
5,10846001,10856000
5,10858001,10885000
5,10890001,10895000
5,10898001,10906000
5,11004001,11015000
5,11031001,11036000
5,11267001,11274000
5,11290001,11295000
5,11302001,11308000
5,11315001,11323000
5,11326001,11331000
5,11376001,11385000
5,11411001,11417000
5,11513001,11520000
5,11528001,11536000
5,11600001,11605000
5,11652001,11658000
5,11707001,11713000
5,11723001,11728000
5,11794001,11817000
5,11833001,11839000
5,11909001,11915000
5,11920001,11925000
5,12002001,12011000
5,12348001,12357000
5,12359001,12379000
5,12386001,12394000
5,12396001,12402000
5,12474001,12484000
5,12624001,12630000
5,12825001,12837000
5,12884001,12889000
5,12922001,12928000
5,13008001,13013000
5,13407001,13412000
5,13503001,13510000
5,13632001,13640000
5,14266001,14284000
5,14379001,14385000
5,14696001,14705000
5,14794001,14803000
5,15241001,15247000
5,16141001,16147000
5,16188001,16200000
5,16207001,16216000
5,16233001,16241000
5,16243001,16251000
5,16371001,16376000
5,16465001,16475000
5,16477001,16489000
5,16518001,16523000
5,16538001,16544000
5,16558001,16563000
5,16566001,16573000
5,16577001,16585000
5,16835001,16840000
5,16906001,16911000
5,18649001,18654000
5,18798001,18803000
5,19064001,19069000
5,19196001,19203000
5,19215001,19223000
5,19916001,19921000
5,21311001,21321000
5,21394001,21399000
5,21679001,21684000
5,22232001,22239000
5,22470001,22477000
5,22836001,22841000
5,23066001,23075000
5,23848001,23853000
5,23858001,23864000
5,24717001,24722000
5,26857001,26864000
5,26907001,26928000
5,27121001,27126000
5,27754001,27759000
5,27837001,27844000
5,29521001,29526000
5,29659001,29664000
5,29691001,29698000
5,30692001,30698000
5,31054001,31060000
5,31752001,31757000
5,32444001,32453000
5,32457001,32464000
5,32625001,32630000
5,33579001,33585000
5,33591001,33598000
5,33659001,33664000
5,33803001,33808000
5,33820001,33826000
5,33852001,33860000
5,34000001,34005000
5,34023001,34029000
5,34037001,34054000
5,34122001,34128000
5,34143001,34153000
5,34264001,34269000
5,34320001,34325000
5,34599001,34604000
5,34673001,34678000
5,34747001,34754000
5,36787001,36795000
5,37071001,37078000
5,37296001,37301000
5,37621001,37626000
5,38321001,38330000
5,38335001,38348000
5,38514001,38519000
5,39904001,39909000
5,41136001,41141000
5,41222001,41227000
5,41252001,41257000
5,42639001,42644000
5,42648001,42661000
5,42771001,42776000
5,42903001,42909000
5,42995001,43000000
5,44018001,44026000
5,44321001,44334000
5,45028001,45036000
5,45353001,45358000
5,45360001,45368000
5,45378001,45383000
5,46225001,46230000
5,46243001,46248000
5,46296001,46315000
5,46317001,46325000
5,46704001,46710000
5,48825001,48834000
5,49962001,49967000
5,50070001,50075000
5,50177001,50182000
5,50350001,50356000
5,50400001,50405000
5,50413001,50421000
5,50760001,50765000
5,51376001,51381000
5,51510001,51524000
5,51541001,51547000
5,52027001,52032000
5,52190001,52197000
5,52300001,52306000
5,52637001,52642000
5,53399001,53404000
5,53507001,53512000
5,53991001,53996000
5,54704001,54712000
5,54748001,54755000
5,54775001,54780000
5,55274001,55280000
5,55574001,55579000
5,55983001,55989000
5,56170001,56175000
5,57039001,57044000
5,57296001,57306000
5,57551001,57557000
5,57561001,57567000
5,58492001,58501000
5,58519001,58527000
5,58561001,58566000
5,58589001,58602000
5,58760001,58765000
5,59133001,59138000
5,59697001,59705000
5,59707001,59715000
5,59817001,59823000
5,59931001,59936000
5,60042001,60047000
5,60103001,60110000
5,62773001,62779000
5,62807001,62816000
5,62875001,62882000
5,62936001,62942000
5,62960001,62966000
5,62987001,62993000
5,62996001,63002000
5,63018001,63026000
5,63077001,63085000
5,63112001,63117000
5,63144001,63158000
5,63169001,63174000
5,63211001,63216000
5,63218001,63242000
5,63246001,63253000
5,63287001,63293000
5,63382001,63389000
5,63442001,63449000
5,63468001,63478000
5,63482001,63495000
5,63501001,63518000
5,63523001,63528000
5,63568001,63574000
5,63769001,63779000
5,63870001,63876000
5,63930001,63936000
5,64303001,64309000
5,64311001,64320000
5,64350001,64360000
5,64362001,64373000
5,64394001,64399000
5,64418001,64440000
5,64557001,64562000
5,64567001,64572000
5,64577001,64585000
5,64587001,64594000
5,64599001,64612000
5,64649001,64662000
5,64667001,64672000
5,65931001,65940000
5,66961001,66967000
5,68945001,68954000
5,69233001,69239000
5,69330001,69335000
5,69944001,69950000
5,70965001,70970000
5,71042001,71048000
5,71358001,71363000
5,71594001,71599000
5,71855001,71863000
5,71902001,71907000
5,71979001,71984000
5,72348001,72355000
5,72490001,72495000
5,73140001,73148000
5,73807001,73813000
5,73815001,73821000
5,74013001,74018000
5,74177001,74185000
5,74189001,74199000
5,74747001,74752000
5,74847001,74852000
5,75249001,75254000
5,75744001,75758000
5,76376001,76383000
5,77008001,77013000
5,77118001,77125000
5,77130001,77135000
5,77153001,77158000
5,77257001,77263000
5,77350001,77355000
5,77661001,77666000
5,78356001,78363000
5,78388001,78393000
5,78771001,78776000
5,78891001,78897000
5,79562001,79568000
5,79801001,79810000
5,80076001,80082000
5,80618001,80628000
5,80678001,80684000
5,80817001,80822000
5,82352001,82358000
5,82466001,82471000
5,83134001,83141000
5,83815001,83820000
5,84439001,84445000
5,84492001,84497000
5,84776001,84781000
5,84958001,84965000
5,85753001,85768000
5,85875001,85880000
5,85974001,85982000
5,86296001,86301000
5,87103001,87108000
5,87637001,87643000
5,87765001,87770000
5,87795001,87801000
5,87807001,87812000
5,87958001,87977000
5,87979001,87991000
5,88027001,88034000
5,88113001,88121000
5,88127001,88135000
5,88814001,88820000
5,89203001,89209000
5,89296001,89304000
5,89332001,89356000
5,89371001,89376000
5,89424001,89430000
5,89450001,89459000
5,89461001,89472000
5,89477001,89484000
5,89499001,89504000
5,89516001,89523000
5,89534001,89540000
5,89580001,89585000
5,89762001,89767000
5,89809001,89814000
5,89991001,89996000
5,90008001,90022000
5,90069001,90076000
5,90080001,90098000
5,90168001,90174000
5,90190001,90200000
5,90371001,90377000
5,90464001,90475000
5,90519001,90526000
5,90565001,90572000
5,90849001,90857000
5,90874001,90879000
5,91402001,91407000
5,91529001,91538000
5,91589001,91595000
5,92217001,92223000
5,92229001,92234000
5,92321001,92326000
5,92400001,92406000
5,92440001,92449000
5,92517001,92522000
5,92687001,92693000
5,92750001,92758000
5,92801001,92807000
5,92810001,92815000
5,92892001,92904000
5,92923001,92931000
5,92946001,92951000
5,92961001,92968000
5,93040001,93047000
5,93121001,93127000
5,93137001,93142000
5,93319001,93325000
5,93336001,93341000
5,93345001,93351000
5,93354001,93371000
5,93377001,93383000
5,93448001,93457000
5,93472001,93483000
5,93487001,93492000
5,93568001,93581000
5,93653001,93659000
5,93706001,93720000
5,93722001,93730000
5,93736001,93749000
5,93919001,93926000
5,93948001,93953000
5,94158001,94197000
5,94239001,94292000
5,94304001,94313000
5,94349001,94359000
5,94364001,94374000
5,94380001,94385000
5,94459001,94464000
5,94475001,94494000
5,94531001,94547000
5,94560001,94565000
5,94573001,94581000
5,94725001,94732000
5,94742001,94747000
5,95101001,95107000
5,95127001,95134000
5,95307001,95312000
5,95315001,95320000
5,95347001,95352000
5,95488001,95493000
5,96181001,96186000
5,96730001,96735000
5,96883001,96894000
5,97051001,97058000
5,97609001,97615000
5,98241001,98250000
5,98873001,98878000
5,99267001,99275000
5,99413001,99418000
5,99670001,99675000
5,100125001,100130000
5,100625001,100632000
5,100757001,100762000
5,100834001,100842000
5,101015001,101025000
5,102252001,102259000
5,103686001,103691000
5,104266001,104271000
5,105256001,105261000
5,105288001,105294000
5,105305001,105320000
5,105330001,105339000
5,105390001,105395000
5,105421001,105426000
5,105716001,105723000
5,107979001,107989000
5,108861001,108867000
5,109029001,109035000
5,109302001,109307000
5,109317001,109322000
5,109368001,109374000
5,109541001,109547000
5,109920001,109937000
5,109956001,109961000
5,109988001,110000000
5,110107001,110112000
5,110287001,110294000
5,110451001,110457000
5,110841001,110848000
5,110889001,110901000
5,111066001,111075000
5,111220001,111229000
5,111310001,111317000
5,111319001,111324000
5,111666001,111671000
5,111754001,111764000
5,112556001,112561000
5,112610001,112620000
5,112737001,112742000
5,112792001,112797000
5,113738001,113746000
5,113919001,113924000
5,113941001,113948000
5,114600001,114610000
5,115699001,115710000
5,117840001,117845000
5,117880001,117887000
5,118285001,118291000
5,118912001,118919000
5,118931001,118945000
5,119105001,119119000
5,120088001,120097000
5,120123001,120128000
6,230001,242000
6,3498001,3503000
6,3655001,3660000
6,4532001,4538000
6,4573001,4582000
6,4798001,4805000
6,4939001,4946000
6,5900001,5905000
6,6011001,6016000
6,6090001,6095000
6,6141001,6147000
6,6175001,6181000
6,6426001,6432000
6,6556001,6568000
6,6726001,6731000
6,6895001,6900000
6,9661001,9666000
6,10711001,10719000
6,12032001,12038000
6,12262001,12268000
6,12270001,12276000
6,12473001,12484000
6,12504001,12512000
6,12540001,12547000
6,12574001,12580000
6,12591001,12597000
6,12735001,12740000
6,13032001,13037000
6,13209001,13219000
6,13295001,13311000
6,13342001,13347000
6,13416001,13421000
6,14181001,14193000
6,14336001,14341000
6,14591001,14596000
6,14627001,14633000
6,14862001,14869000
6,15035001,15070000
6,15561001,15567000
6,16590001,16596000
6,16683001,16694000
6,16715001,16720000
6,16724001,16730000
6,17105001,17116000
6,17284001,17296000
6,17307001,17312000
6,17322001,17327000
6,17365001,17372000
6,17384001,17389000
6,17392001,17400000
6,17493001,17498000
6,17514001,17521000
6,17526001,17531000
6,18323001,18328000
6,18340001,18346000
6,18836001,18841000
6,19436001,19441000
6,19450001,19457000
6,20136001,20147000
6,20203001,20208000
6,20230001,20235000
6,20240001,20245000
6,20311001,20316000
6,20908001,20915000
6,20926001,20934000
6,20972001,20983000
6,21987001,21993000
6,22248001,22264000
6,22507001,22514000
6,22541001,22549000
6,23028001,23033000
6,23670001,23677000
6,23729001,23735000
6,23911001,23916000
6,23932001,23937000
6,23973001,23978000
6,23990001,23998000
6,24547001,24553000
6,25895001,25900000
6,26367001,26376000
6,28867001,28876000
6,29162001,29172000
6,29182001,29187000
6,29196001,29202000
6,29600001,29605000
6,29660001,29671000
6,29767001,29774000
6,30045001,30051000
6,30232001,30238000
6,30534001,30540000
6,30938001,30943000
6,30973001,30978000
6,31000001,31008000
6,31806001,31811000
6,32117001,32122000
6,32204001,32210000
6,32229001,32234000
6,32264001,32271000
6,32600001,32608000
6,32803001,32808000
6,34960001,34966000
6,35750001,35764000
6,35879001,35885000
6,35900001,35905000
6,36107001,36114000
6,36211001,36217000
6,36644001,36650000
6,36652001,36659000
6,37073001,37078000
6,37587001,37602000
6,37679001,37685000
6,38524001,38529000
6,39970001,39981000
6,39990001,40001000
6,40017001,40022000
6,40085001,40090000
6,40232001,40240000
6,40292001,40297000
6,40324001,40330000
6,40442001,40447000
6,43470001,43475000
6,43558001,43568000
6,43665001,43673000
6,43777001,43787000
6,44270001,44275000
6,44320001,44329000
6,44766001,44771000
6,44794001,44799000
6,45131001,45136000
6,45462001,45469000
6,46603001,46608000
6,47155001,47160000
6,50125001,50146000
6,50246001,50251000
6,50354001,50361000
6,50373001,50379000
6,50424001,50429000
6,50492001,50497000
6,50597001,50608000
6,52879001,52884000
6,53205001,53210000
6,53859001,53865000
6,53913001,53918000
6,56773001,56780000
6,57012001,57017000
6,57486001,57493000
6,57573001,57582000
6,57595001,57601000
6,58122001,58135000
6,58146001,58151000
6,58745001,58752000
6,58943001,58948000
6,59019001,59024000
6,59054001,59059000
6,59123001,59128000
6,59296001,59304000
6,59876001,59882000
6,59905001,59910000
6,60317001,60324000
6,60584001,60589000
6,60647001,60652000
6,60684001,60691000
6,60811001,60818000
6,60915001,60922000
6,60925001,60935000
6,60937001,60944000
6,61141001,61150000
6,61168001,61175000
6,61388001,61393000
6,61402001,61408000
6,62316001,62321000
6,63432001,63438000
6,64928001,64936000
6,65070001,65079000
6,65722001,65730000
6,66177001,66183000
6,66347001,66353000
6,66394001,66399000
6,66764001,66771000
6,66793001,66799000
6,67217001,67222000
6,67299001,67304000
6,67307001,67313000
6,67332001,67337000
6,67869001,67875000
6,67879001,67884000
6,67910001,67919000
6,68003001,68008000
6,68433001,68438000
6,68535001,68540000
6,68658001,68664000
6,68898001,68903000
6,69132001,69137000
6,69651001,69658000
6,69662001,69671000
6,69750001,69766000
6,69847001,69862000
6,69870001,69877000
6,69984001,69989000
6,70278001,70283000
6,70287001,70292000
6,70304001,70309000
6,70363001,70369000
6,70714001,70726000
6,71148001,71153000
6,71402001,71407000
6,71816001,71823000
6,71948001,71953000
6,72307001,72314000
6,74894001,74899000
6,76700001,76705000
6,76954001,76960000
6,77412001,77417000
6,77554001,77563000
6,77704001,77713000
6,77726001,77738000
6,80900001,80906000
6,80958001,80965000
6,81090001,81098000
6,81292001,81303000
6,84207001,84212000
6,85273001,85279000
6,85301001,85308000
6,85538001,85551000
6,85590001,85596000
6,86103001,86108000
6,86380001,86386000
6,87014001,87021000
6,87741001,87750000
6,87819001,87826000
6,88453001,88459000
6,88814001,88819000
6,88955001,88963000
6,90025001,90030000
6,90036001,90041000
6,91168001,91173000
6,91290001,91296000
6,91423001,91428000
6,91430001,91435000
6,91969001,91975000
6,93089001,93094000
6,93208001,93218000
6,94144001,94149000
6,94443001,94452000
6,94528001,94533000
6,94543001,94548000
6,95388001,95394000
6,96709001,96721000
6,96770001,96779000
6,97232001,97239000
6,97324001,97329000
6,97356001,97361000
6,98846001,98853000
6,98863001,98875000
6,99063001,99068000
6,99080001,99085000
6,100348001,100353000
6,100431001,100437000
6,101523001,101528000
6,101592001,101597000
6,101605001,101613000
6,101619001,101627000
6,102471001,102476000
6,102899001,102904000
6,103859001,103867000
6,104186001,104194000
6,104214001,104221000
6,104281001,104287000
6,104879001,104889000
6,105053001,105059000
6,108179001,108185000
6,108264001,108279000
6,108325001,108341000
6,108361001,108366000
6,108388001,108393000
6,108395001,108400000
6,109730001,109740000
6,109767001,109773000
6,109793001,109798000
6,110975001,110981000
6,111742001,111747000
6,112768001,112773000
6,112777001,112782000
6,112792001,112798000
6,112910001,112917000
6,112932001,112937000
6,112951001,112961000
6,113361001,113366000
6,114095001,114101000
6,114204001,114209000
6,114373001,114379000
6,114794001,114802000
6,114809001,114820000
6,114829001,114835000
6,114856001,114868000
6,114921001,114930000
6,115009001,115032000
6,115034001,115040000
6,115053001,115062000
6,115208001,115215000
6,115217001,115228000
6,115231001,115236000
6,115239001,115248000
6,115323001,115330000
6,115353001,115361000
6,115474001,115479000
6,115604001,115609000
6,115774001,115780000
6,115788001,115806000
6,115986001,115992000
6,116005001,116012000
6,116047001,116054000
6,116056001,116084000
6,116155001,116160000
6,116173001,116179000
6,116181001,116186000
6,116188001,116195000
6,116199001,116204000
6,116209001,116217000
6,116224001,116235000
6,116237001,116251000
6,116313001,116321000
6,116338001,116343000
6,116349001,116360000
6,116375001,116383000
6,116385001,116392000
6,116432001,116438000
6,116469001,116475000
6,116496001,116502000
6,116520001,116541000
6,116553001,116564000
6,116626001,116631000
6,116640001,116655000
6,116729001,116737000
6,116744001,116749000
6,116756001,116769000
6,116797001,116812000
6,116821001,116829000
6,116837001,116843000
6,116865001,116870000
6,116872001,116880000
6,116889001,116895000
6,116899001,116904000
6,116907001,116916000
6,116918001,116923000
6,116952001,116957000
6,117001001,117010000
6,117063001,117074000
6,117082001,117090000
6,117132001,117137000
6,117157001,117162000
7,1816001,1822000
7,2238001,2243000
7,2390001,2404000
7,2468001,2475000
7,3246001,3254000
7,3268001,3274000
7,3502001,3513000
7,3571001,3577000
7,3681001,3686000
7,3892001,3915000
7,3919001,3926000
7,3929001,3934000
7,3948001,3964000
7,3969001,3976000
7,3984001,3999000
7,4003001,4010000
7,4012001,4017000
7,4107001,4114000
7,4174001,4192000
7,6208001,6214000
7,7981001,7987000
7,8087001,8092000
7,8256001,8261000
7,8458001,8469000
7,8591001,8597000
7,8618001,8623000
7,8643001,8649000
7,8660001,8665000
7,8673001,8679000
7,8715001,8720000
7,8767001,8773000
7,10476001,10481000
7,10519001,10524000
7,10555001,10563000
7,10619001,10626000
7,10832001,10838000
7,12573001,12579000
7,12626001,12634000
7,12639001,12644000
7,13215001,13221000
7,15820001,15826000
7,16060001,16065000
7,16379001,16385000
7,16841001,16848000
7,16931001,16936000
7,16962001,16968000
7,16972001,16981000
7,17311001,17320000
7,17332001,17348000
7,17404001,17414000
7,17514001,17522000
7,17570001,17586000
7,17597001,17603000
7,17896001,17903000
7,18116001,18121000
7,18167001,18174000
7,18278001,18285000
7,18404001,18421000
7,18443001,18448000
7,18479001,18493000
7,18884001,18889000
7,19151001,19160000
7,19537001,19542000
7,19544001,19550000
7,19562001,19567000
7,19798001,19804000
7,19806001,19815000
7,20396001,20401000
7,20472001,20481000
7,20496001,20501000
7,20524001,20529000
7,20569001,20576000
7,21393001,21398000
7,21458001,21464000
7,21542001,21548000
7,21638001,21646000
7,21717001,21724000
7,21817001,21822000
7,22152001,22157000
7,22200001,22207000
7,22235001,22240000
7,22252001,22269000
7,22288001,22294000
7,22309001,22314000
7,22319001,22324000
7,22334001,22340000
7,22397001,22404000
7,22409001,22416000
7,22439001,22445000
7,22449001,22479000
7,22573001,22593000
7,22641001,22650000
7,22688001,22693000
7,22720001,22738000
7,22904001,22909000
7,22927001,22932000
7,22958001,22964000
7,23129001,23135000
7,23277001,23292000
7,23400001,23406000
7,25543001,25548000
7,26328001,26334000
7,26491001,26497000
7,27036001,27044000
7,27115001,27120000
7,27199001,27204000
7,27222001,27229000
7,27245001,27251000
7,27254001,27260000
7,27292001,27299000
7,27539001,27544000
7,28472001,28477000
7,28535001,28542000
7,28899001,28904000
7,28937001,28944000
7,28946001,28951000
7,30607001,30612000
7,30692001,30697000
7,30764001,30770000
7,30778001,30785000
7,30867001,30872000
7,31038001,31047000
7,31076001,31082000
7,31104001,31109000
7,31111001,31121000
7,31248001,31253000
7,31322001,31329000
7,31345001,31352000
7,31528001,31537000
7,31643001,31651000
7,31741001,31753000
7,32109001,32115000
7,32505001,32510000
7,33091001,33096000
7,33103001,33108000
7,34250001,34255000
7,34537001,34544000
7,34630001,34635000
7,34675001,34680000
7,34762001,34767000
7,36774001,36780000
7,36900001,36905000
7,37082001,37097000
7,37265001,37275000
7,37401001,37407000
7,37687001,37695000
7,39003001,39012000
7,39017001,39028000
7,39030001,39037000
7,39939001,39944000
7,39977001,39983000
7,39985001,39993000
7,40007001,40016000
7,40021001,40026000
7,40042001,40053000
7,40097001,40107000
7,40109001,40115000
7,40129001,40136000
7,40169001,40175000
7,40196001,40202000
7,40275001,40281000
7,40373001,40379000
7,41292001,41298000
7,41312001,41317000
7,41355001,41364000
7,41401001,41407000
7,42757001,42762000
7,43086001,43091000
7,44760001,44766000
7,45015001,45020000
7,45041001,45046000
7,45050001,45055000
7,45294001,45299000
7,45429001,45438000
7,47694001,47701000
7,47781001,47789000
7,47797001,47803000
7,48117001,48122000
7,49053001,49064000
7,49162001,49167000
7,49203001,49208000
7,49421001,49430000
7,49497001,49507000
7,49609001,49614000
7,49924001,49933000
7,49936001,49947000
7,50386001,50391000
7,52692001,52698000
7,53124001,53130000
7,53137001,53142000
7,53323001,53328000
7,53457001,53462000
7,55488001,55495000
7,56340001,56351000
7,56456001,56461000
7,56761001,56766000
7,56865001,56872000
7,57271001,57277000
7,57452001,57458000
7,57464001,57471000
7,57599001,57610000
7,57760001,57765000
7,57868001,57874000
7,57960001,57966000
7,58071001,58077000
7,58091001,58096000
7,58130001,58135000
7,58195001,58208000
7,58225001,58233000
7,58236001,58241000
7,58385001,58392000
7,58747001,58756000
7,59088001,59093000
7,59144001,59149000
7,59371001,59378000
7,59438001,59443000
7,59471001,59480000
7,59494001,59499000
7,59508001,59516000
7,59582001,59587000
7,59690001,59696000
7,59713001,59719000
7,59746001,59751000
7,59958001,59977000
7,60117001,60123000
7,60139001,60144000
7,60192001,60205000
7,60219001,60224000
7,60453001,60460000
7,60531001,60542000
7,60581001,60587000
7,60938001,60946000
7,60969001,60977000
7,60984001,60996000
7,61049001,61058000
7,61061001,61067000
7,61178001,61185000
7,61196001,61209000
7,61396001,61401000
7,61585001,61590000
7,61703001,61708000
7,61907001,61914000
7,62440001,62445000
7,62739001,62744000
7,63158001,63165000
7,63170001,63175000
7,63183001,63188000
7,63321001,63327000
7,63495001,63500000
7,63726001,63732000
7,63867001,63872000
7,63948001,63953000
7,63978001,63997000
7,64163001,64175000
7,64238001,64250000
7,64313001,64332000
7,64394001,64400000
7,64403001,64409000
7,64414001,64419000
7,64424001,64429000
7,64473001,64478000
7,64592001,64601000
7,64670001,64675000
7,64686001,64692000
7,64832001,64839000
7,64984001,64992000
7,64997001,65005000
7,65023001,65028000
7,65385001,65390000
7,65551001,65557000
7,65678001,65685000
7,65735001,65744000
7,65768001,65773000
7,65824001,65830000
7,65966001,65973000
7,66333001,66338000
7,66340001,66345000
7,66347001,66352000
7,66377001,66382000
7,66528001,66533000
7,66540001,66551000
7,66597001,66609000
7,66614001,66624000
7,66632001,66647000
7,66780001,66788000
7,66793001,66806000
7,66808001,66813000
7,66827001,66835000
7,66861001,66867000
7,66898001,66904000
7,66913001,66921000
7,66948001,66967000
7,66975001,66980000
7,66991001,67005000
7,67064001,67129000
7,67188001,67205000
7,67216001,67251000
7,67263001,67270000
7,67281001,67295000
7,67297001,67302000
7,67348001,67353000
7,67412001,67427000
7,67622001,67628000
7,67689001,67694000
7,67754001,67762000
7,68484001,68490000
7,70561001,70568000
7,70613001,70622000
7,71307001,71318000
7,71377001,71382000
7,71640001,71647000
7,71727001,71733000
7,71823001,71833000
7,71901001,71907000
7,71974001,71980000
7,72263001,72270000
7,72592001,72599000
7,72609001,72614000
7,72747001,72753000
7,73150001,73156000
7,73172001,73182000
7,73278001,73284000
7,73782001,73787000
7,73877001,73882000
7,75880001,75886000
7,76268001,76273000
7,76364001,76369000
7,77411001,77416000
7,78851001,78856000
7,79199001,79205000
7,79635001,79643000
7,79906001,79930000
7,79985001,79991000
7,80005001,80010000
7,80013001,80024000
7,80087001,80093000
7,80386001,80391000
7,80687001,80696000
7,80894001,80900000
7,81035001,81040000
7,81115001,81120000
7,81507001,81518000
7,81523001,81530000
7,81597001,81616000
7,81639001,81647000
7,82262001,82267000
7,82881001,82886000
7,83240001,83246000
7,84042001,84047000
7,84309001,84321000
7,84784001,84789000
7,84852001,84859000
7,84903001,84909000
7,84916001,84921000
7,84931001,84937000
7,85107001,85112000
7,85949001,85954000
7,86190001,86195000
7,86365001,86370000
7,86426001,86431000
7,87593001,87599000
7,87707001,87714000
7,88101001,88107000
7,88148001,88156000
7,88234001,88244000
7,88426001,88431000
7,88443001,88448000
7,88473001,88478000
7,88481001,88486000
7,88578001,88584000
7,88594001,88599000
7,88690001,88695000
7,88910001,88916000
7,88942001,88948000
7,88953001,88961000
7,89042001,89048000
7,89051001,89063000
7,89136001,89148000
7,89196001,89211000
7,89229001,89241000
7,89247001,89255000
7,89351001,89357000
7,89402001,89407000
7,89482001,89488000
7,89516001,89521000
7,89741001,89746000
7,89893001,89898000
7,89928001,89934000
7,90189001,90194000
7,90247001,90253000
7,90326001,90344000
7,90457001,90464000
7,90601001,90611000
7,90633001,90639000
7,90650001,90658000
7,90670001,90676000
7,90704001,90711000
7,90901001,90916000
7,90950001,90965000
7,90991001,90996000
7,91006001,91011000
7,91280001,91285000
7,91463001,91468000
7,91484001,91500000
7,91511001,91518000
7,91590001,91596000
7,91905001,91915000
7,92004001,92010000
7,92015001,92020000
7,92093001,92099000
7,92146001,92152000
7,92170001,92181000
7,92404001,92414000
7,92416001,92423000
7,92426001,92431000
7,92569001,92577000
7,92604001,92611000
7,92614001,92620000
7,93415001,93422000
7,93433001,93443000
7,93454001,93464000
7,93806001,93816000
7,93818001,93823000
7,93839001,93870000
7,93883001,93896000
7,94065001,94078000
7,94192001,94201000
7,94483001,94488000
7,95269001,95279000
7,95385001,95398000
7,95598001,95604000
7,95716001,95725000
7,95857001,95863000
7,95878001,95884000
7,97736001,97745000
7,97795001,97809000
7,97813001,97818000
7,98011001,98020000
7,98022001,98027000
7,98029001,98048000
7,98055001,98060000
7,98062001,98067000
7,98105001,98111000
7,98147001,98153000
7,98165001,98170000
7,98701001,98706000
7,98926001,98932000
7,98984001,98989000
7,98992001,98997000
7,98999001,99007000
7,99032001,99039000
7,99189001,99196000
7,99270001,99275000
7,99307001,99314000
7,102501001,102506000
7,102540001,102552000
7,102560001,102570000
7,102642001,102650000
7,102673001,102682000
7,102695001,102702000
7,102886001,102892000
7,103778001,103783000
7,103807001,103816000
7,103821001,103836000
7,103967001,103972000
7,103978001,103983000
7,104013001,104018000
7,104020001,104026000
7,104043001,104048000
7,104050001,104057000
7,105238001,105244000
7,105721001,105736000
7,105738001,105746000
7,105760001,105767000
7,105864001,105870000
7,105888001,105893000
7,106008001,106014000
7,106021001,106026000
7,106037001,106043000
7,106119001,106128000
7,106134001,106143000
7,106162001,106170000
7,106260001,106265000
7,106347001,106352000
7,106529001,106542000
7,106560001,106566000
7,106578001,106586000
7,106618001,106624000
7,106637001,106644000
7,106646001,106659000
7,106680001,106687000
7,106689001,106694000
7,106767001,106772000
7,106774001,106781000
7,106790001,106799000
7,107270001,107277000
7,107289001,107294000
7,107310001,107318000
7,107367001,107374000
7,107413001,107419000
7,107439001,107445000
7,107452001,107457000
7,107469001,107476000
7,107482001,107493000
7,107495001,107500000
7,107566001,107578000
7,107696001,107707000
7,107736001,107743000
7,107758001,107764000
7,107778001,107787000
7,107789001,107797000
7,107828001,107833000
7,108001001,108007000
7,108027001,108032000
7,108059001,108064000
7,108207001,108218000
7,108755001,108772000
7,108854001,108861000
7,109094001,109099000
7,109461001,109467000
7,109861001,109867000
7,109919001,109924000
7,109927001,109942000
7,109948001,109954000
7,110177001,110182000
8,214001,220000
8,677001,683000
8,747001,752000
8,895001,901000
8,913001,920000
8,4457001,4462000
8,5547001,5552000
8,5574001,5582000
8,5678001,5685000
8,5688001,5711000
8,5715001,5728000
8,6335001,6341000
8,6348001,6356000
8,6443001,6448000
8,6771001,6778000
8,6973001,6978000
8,7392001,7397000
8,7400001,7407000
8,7503001,7510000
8,7525001,7531000
8,7802001,7808000
8,7942001,7957000
8,7963001,7975000
8,8122001,8127000
8,8231001,8236000
8,8362001,8367000
8,8486001,8491000
8,9116001,9122000
8,9124001,9131000
8,9454001,9464000
8,9471001,9477000
8,9660001,9666000
8,9789001,9794000
8,9802001,9807000
8,10059001,10064000
8,11025001,11030000
8,14677001,14684000
8,15027001,15032000
8,17430001,17440000
8,17980001,17986000
8,20136001,20143000
8,20158001,20179000
8,20192001,20200000
8,20211001,20217000
8,20222001,20232000
8,20301001,20309000
8,20418001,20423000
8,20942001,20949000
8,21591001,21598000
8,21944001,21952000
8,21958001,21967000
8,22072001,22077000
8,22214001,22219000
8,22333001,22341000
8,23168001,23173000
8,23192001,23197000
8,23544001,23556000
8,23610001,23615000
8,23783001,23789000
8,23817001,23823000
8,26647001,26652000
8,27213001,27222000
8,27253001,27263000
8,27284001,27291000
8,27365001,27382000
8,27384001,27394000
8,27412001,27417000
8,27442001,27448000
8,27474001,27482000
8,27537001,27542000
8,27552001,27557000
8,27589001,27594000
8,27672001,27703000
8,27943001,27949000
8,27955001,27960000
8,28081001,28087000
8,28176001,28181000
8,28269001,28274000
8,28394001,28404000
8,28577001,28582000
8,29303001,29314000
8,29371001,29381000
8,29560001,29574000
8,29585001,29621000
8,29639001,29645000
8,29710001,29722000
8,29816001,29831000
8,29846001,29858000
8,30091001,30096000
8,30493001,30498000
8,30575001,30580000
8,30617001,30622000
8,30730001,30735000
8,30884001,30890000
8,30914001,30921000
8,30935001,30942000
8,30965001,30974000
8,31324001,31329000
8,31892001,31897000
8,33019001,33024000
8,33646001,33651000
8,33706001,33711000
8,33857001,33862000
8,33865001,33871000
8,34207001,34214000
8,34295001,34300000
8,34532001,34537000
8,35099001,35104000
8,35664001,35669000
8,35830001,35837000
8,35945001,35950000
8,36178001,36185000
8,36209001,36214000
8,36237001,36243000
8,36261001,36268000
8,36274001,36279000
8,36336001,36341000
8,36348001,36354000
8,36384001,36403000
8,38098001,38103000
8,38133001,38141000
8,38565001,38570000
8,38593001,38599000
8,38782001,38787000
8,39625001,39632000
8,39645001,39650000
8,39733001,39738000
8,40145001,40150000
8,40360001,40365000
8,40384001,40390000
8,40800001,40807000
8,41050001,41056000
8,41102001,41110000
8,41632001,41643000
8,41645001,41651000
8,41664001,41669000
8,42203001,42210000
8,42280001,42288000
8,42310001,42316000
8,43303001,43312000
8,43376001,43381000
8,43383001,43404000
8,43427001,43432000
8,43565001,43571000
8,43575001,43582000
8,43596001,43605000
8,44154001,44160000
8,45365001,45372000
8,45633001,45642000
8,45736001,45741000
8,46064001,46070000
8,46321001,46329000
8,46407001,46416000
8,46507001,46519000
8,46526001,46531000
8,46592001,46597000
8,46601001,46607000
8,46770001,46776000
8,46783001,46792000
8,47463001,47471000
8,47772001,47778000
8,48393001,48402000
8,48870001,48878000
8,49049001,49054000
8,49528001,49533000
8,49851001,49856000
8,49994001,50000000
8,50363001,50370000
8,50510001,50515000
8,50566001,50574000
8,50606001,50612000
8,51758001,51765000
8,51959001,51967000
8,51978001,51983000
8,52045001,52051000
8,52334001,52339000
8,52474001,52483000
8,52531001,52539000
8,53197001,53206000
8,53241001,53248000
8,53456001,53463000
8,53534001,53540000
8,53764001,53770000
8,55322001,55336000
8,55375001,55383000
8,55399001,55410000
8,55412001,55417000
8,55458001,55463000
8,55476001,55482000
8,55517001,55523000
8,57308001,57316000
8,57327001,57333000
8,57342001,57349000
8,57367001,57379000
8,57487001,57495000
8,57581001,57589000
8,57600001,57605000
8,58362001,58367000
8,58683001,58688000
8,58738001,58743000
8,58895001,58903000
8,58939001,58946000
8,59027001,59033000
8,59039001,59051000
8,59099001,59106000
8,59108001,59114000
8,59121001,59134000
8,59544001,59552000
8,59640001,59662000
8,59669001,59675000
8,59679001,59687000
8,59767001,59775000
8,60091001,60097000
8,60227001,60235000
8,60333001,60339000
8,60386001,60391000
8,60733001,60739000
8,60906001,60914000
8,60917001,60927000
8,60967001,60977000
8,61074001,61081000
8,61170001,61190000
8,61286001,61291000
8,61311001,61316000
8,61695001,61700000
8,62581001,62588000
8,62591001,62597000
8,62762001,62772000
8,62872001,62882000
8,63540001,63545000
8,63813001,63821000
8,63899001,63904000
8,63980001,63985000
8,64595001,64605000
8,64996001,65002000
8,68824001,68830000
8,68952001,68957000
8,69018001,69024000
8,69086001,69095000
8,69097001,69103000
8,69169001,69178000
8,69580001,69586000
8,69611001,69617000
8,69647001,69656000
8,69720001,69728000
8,69772001,69777000
8,69784001,69789000
8,70384001,70389000
8,70519001,70526000
8,70961001,70970000
8,72134001,72141000
8,72170001,72177000
8,72823001,72828000
8,73311001,73324000
8,74520001,74525000
8,75086001,75093000
8,75296001,75316000
8,75457001,75462000
8,75612001,75622000
8,75698001,75703000
8,76079001,76085000
8,76836001,76841000
8,77181001,77196000
8,77927001,77932000
8,77965001,77970000
8,77995001,78002000
8,78159001,78165000
8,78335001,78341000
8,78346001,78352000
8,80096001,80106000
8,80126001,80134000
8,80196001,80201000
8,80841001,80846000
8,81513001,81519000
8,81525001,81531000
8,81550001,81557000
8,81559001,81566000
8,81582001,81593000
8,82080001,82089000
8,82116001,82123000
8,82125001,82130000
8,83131001,83136000
8,83177001,83190000
8,83288001,83295000
8,83699001,83705000
8,83992001,83997000
8,84049001,84056000
8,84188001,84195000
8,84228001,84239000
8,84270001,84276000
8,84280001,84285000
8,85882001,85888000
8,86114001,86120000
8,86411001,86423000
8,86425001,86430000
8,86618001,86625000
8,88685001,88693000
8,88795001,88800000
8,89144001,89149000
8,89676001,89682000
8,90773001,90778000
8,91166001,91171000
8,91346001,91351000
8,91546001,91552000
8,94644001,94649000
8,95633001,95638000
8,95702001,95707000
8,96616001,96634000
8,96668001,96681000
8,96762001,96768000
8,98143001,98148000
8,98753001,98761000
8,99494001,99499000
8,99512001,99520000
8,99727001,99732000
8,100831001,100836000
8,101071001,101081000
8,101632001,101638000
8,101906001,101913000
8,101941001,101946000
8,102111001,102119000
8,102510001,102517000
8,103299001,103304000
8,104095001,104101000
8,104259001,104266000
8,111114001,111119000
8,111713001,111726000
8,111964001,111973000
8,111992001,111997000
8,112026001,112040000
8,112043001,112056000
8,112062001,112069000
8,112072001,112101000
8,112191001,112198000
8,112534001,112540000
8,112565001,112571000
8,112630001,112636000
8,112738001,112746000
8,112768001,112774000
8,112950001,112957000
9,80001,87000
9,92001,100000
9,145001,151000
9,297001,303000
9,311001,316000
9,355001,361000
9,634001,641000
9,657001,664000
9,1832001,1839000
9,4675001,4681000
9,6169001,6174000
9,7716001,7721000
9,7986001,7991000
9,8176001,8185000
9,8194001,8201000
9,8323001,8328000
9,8337001,8344000
9,8752001,8757000
9,8970001,8977000
9,9001001,9006000
9,9347001,9352000
9,9716001,9727000
9,10152001,10158000
9,10533001,10540000
9,11608001,11614000
9,11626001,11632000
9,11643001,11648000
9,11660001,11669000
9,11681001,11693000
9,12187001,12195000
9,13106001,13115000
9,14774001,14781000
9,14789001,14794000
9,14833001,14838000
9,14858001,14863000
9,14878001,14894000
9,15650001,15656000
9,15662001,15674000
9,16568001,16573000
9,17217001,17222000
9,17509001,17514000
9,18646001,18653000
9,18678001,18684000
9,18701001,18706000
9,18715001,18720000
9,18776001,18782000
9,20118001,20124000
9,20178001,20184000
9,21605001,21614000
9,22295001,22302000
9,23152001,23158000
9,23191001,23199000
9,23218001,23225000
9,23659001,23670000
9,23746001,23751000
9,23886001,23893000
9,23945001,23951000
9,24286001,24299000
9,24887001,24893000
9,25357001,25362000
9,25393001,25399000
9,25652001,25672000
9,26002001,26007000
9,26012001,26018000
9,26105001,26110000
9,26469001,26474000
9,26856001,26862000
9,27143001,27150000
9,27653001,27658000
9,28085001,28091000
9,28145001,28150000
9,28189001,28194000
9,28450001,28456000
9,28884001,28891000
9,34537001,34543000
9,34632001,34641000
9,35059001,35064000
9,36060001,36065000
9,36190001,36196000
9,37232001,37237000
9,38286001,38291000
9,38469001,38475000
9,38771001,38776000
9,38840001,38855000
9,38858001,38863000
9,38969001,38974000
9,39030001,39035000
9,39135001,39141000
9,39262001,39272000
9,39745001,39750000
9,40320001,40326000
9,41324001,41330000
9,41513001,41518000
9,41600001,41609000
9,41693001,41699000
9,41715001,41722000
9,41848001,41853000
9,42040001,42058000
9,42100001,42108000
9,42353001,42361000
9,42515001,42520000
9,42522001,42530000
9,42553001,42558000
9,42617001,42624000
9,42662001,42668000
9,43089001,43095000
9,43479001,43484000
9,43857001,43864000
9,43926001,43968000
9,43979001,43984000
9,43987001,43992000
9,44025001,44030000
9,44034001,44041000
9,44156001,44161000
9,44599001,44605000
9,44744001,44751000
9,44768001,44775000
9,44805001,44810000
9,45044001,45051000
9,45157001,45162000
9,45164001,45176000
9,45178001,45189000
9,45781001,45786000
9,47983001,47991000
9,48006001,48011000
9,48095001,48100000
9,48103001,48120000
9,48708001,48723000
9,49405001,49411000
9,49579001,49596000
9,49598001,49606000
9,49651001,49658000
9,49975001,49980000
9,49997001,50003000
9,50293001,50298000
9,50455001,50460000
9,50709001,50714000
9,50924001,50929000
9,51009001,51019000
9,51022001,51032000
9,51221001,51231000
9,51381001,51386000
9,51683001,51688000
9,51750001,51755000
9,51765001,51777000
9,52217001,52224000
9,52624001,52629000
9,52646001,52651000
9,53043001,53048000
9,54954001,54964000
9,56072001,56077000
9,56387001,56392000
9,56395001,56400000
9,56833001,56847000
9,56856001,56866000
9,56935001,56941000
9,57006001,57012000
9,57016001,57025000
9,57045001,57050000
9,58959001,58964000
9,59414001,59419000
9,59641001,59646000
9,59726001,59731000
9,59799001,59804000
9,60025001,60030000
9,60035001,60041000
9,60443001,60451000
9,60578001,60589000
9,60614001,60624000
9,60834001,60839000
9,61103001,61108000
9,63896001,63904000
9,63917001,63928000
9,64726001,64745000
9,64761001,64768000
9,64918001,64923000
9,65070001,65075000
9,65211001,65219000
9,65619001,65624000
9,65822001,65828000
9,66192001,66198000
9,66322001,66331000
9,67205001,67210000
9,67529001,67535000
9,67677001,67683000
9,67875001,67880000
9,67918001,67923000
9,68049001,68054000
9,68257001,68262000
9,68395001,68406000
9,69026001,69037000
9,69040001,69049000
9,69062001,69067000
9,69211001,69216000
9,69632001,69637000
9,69719001,69724000
9,69853001,69858000
9,69954001,69959000
9,71044001,71049000
9,71396001,71402000
9,71515001,71522000
9,71607001,71613000
9,71761001,71769000
9,72103001,72111000
9,72150001,72157000
9,72346001,72356000
9,72936001,72941000
9,73111001,73117000
9,73260001,73266000
9,73268001,73277000
9,73441001,73446000
9,73868001,73874000
9,74068001,74075000
9,74110001,74116000
9,74295001,74300000
9,74303001,74319000
9,74418001,74424000
9,74426001,74431000
9,74546001,74552000
9,74926001,74932000
9,75243001,75251000
9,75290001,75295000
9,75311001,75316000
9,75421001,75439000
9,75781001,75790000
9,75950001,75956000
9,76005001,76010000
9,76171001,76179000
9,76212001,76217000
9,76250001,76258000
9,76264001,76269000
9,76370001,76376000
9,76384001,76391000
9,76673001,76680000
9,76723001,76732000
9,76940001,76947000
9,77072001,77077000
9,77278001,77284000
9,77637001,77643000
9,78832001,78840000
9,79573001,79578000
9,79830001,79835000
9,79925001,79932000
9,80199001,80204000
9,80225001,80231000
9,80347001,80354000
9,81078001,81083000
9,81234001,81243000
9,81266001,81271000
9,81294001,81302000
9,81322001,81327000
9,81371001,81385000
9,81399001,81407000
9,81964001,81970000
9,83284001,83292000
9,83666001,83674000
9,83694001,83705000
9,84640001,84645000
9,85010001,85015000
9,86259001,86264000
9,86307001,86312000
9,86634001,86641000
9,86676001,86681000
9,86945001,86950000
9,88276001,88283000
9,88456001,88467000
9,88634001,88639000
9,88739001,88747000
9,89634001,89639000
9,90043001,90048000
9,90255001,90261000
9,91192001,91198000
9,91828001,91833000
9,92156001,92162000
9,92181001,92186000
9,92194001,92201000
9,93608001,93613000
9,93690001,93696000
9,93750001,93760000
9,93795001,93800000
9,93898001,93903000
9,94002001,94007000
9,94009001,94019000
9,94056001,94061000
9,94115001,94124000
9,94135001,94148000
9,94153001,94158000
9,94170001,94184000
9,94494001,94499000
9,94639001,94644000
9,94821001,94827000
9,94989001,94995000
9,95262001,95269000
9,95289001,95295000
9,95301001,95306000
9,95336001,95341000
9,95376001,95385000
9,95514001,95520000
9,95834001,95840000
9,95845001,95850000
9,95879001,95884000
9,96593001,96602000
9,96627001,96632000
9,97091001,97096000
9,97130001,97135000
9,98941001,98946000
9,99144001,99151000
9,99160001,99165000
9,99305001,99322000
9,100802001,100815000
9,100827001,100832000
9,101254001,101260000
9,101375001,101380000
9,101501001,101508000
9,101645001,101651000
9,101736001,101741000
9,101780001,101785000
9,101893001,101898000
9,102114001,102122000
9,102528001,102533000
9,102654001,102659000
9,102664001,102677000
9,102683001,102689000
9,102719001,102726000
9,102741001,102748000
9,102800001,102813000
9,102882001,102888000
9,102927001,102933000
9,102960001,102965000
9,103055001,103063000
9,103152001,103159000
9,103214001,103219000
9,103274001,103280000
9,103285001,103290000
9,103376001,103381000
9,103424001,103431000
9,103466001,103477000
9,103510001,103515000
9,103745001,103750000
9,103916001,103926000
9,103993001,104000000
9,104005001,104011000
9,104028001,104035000
9,104037001,104042000
9,104060001,104065000
9,104103001,104109000
9,104158001,104164000
9,104171001,104178000
9,104208001,104217000
9,104220001,104225000
9,104236001,104243000
9,104245001,104251000
9,104254001,104260000
9,104272001,104282000
9,104298001,104309000
9,104344001,104349000
9,104351001,104357000
9,104453001,104460000
